Hey Harry,

Check out this list of cards I found.

321787301611095
371601510113141
391736111641581
341163514717291
317175215131614
313616871531245
314803410912156
336513191012241
387176149154511
337171116125413
314312157689100
335191613111015
334111612813610
371217010295161
314010137531661
340111239217171
314713816011109
361412429315161
311115310796412
325894671714131
312101178163134
362491413011316
371014531312611
330513101221748
311412616101482
313145139715101
338610574113121
311768131716314
371780963121213
312610528111510
314101512616324
321665313841407
316139012116815
4166141117594121
4179110745815161
4917501411331011
4681504101613114
4214813310156914
4151120587136321
4173141061201351
4129651117781615
4213610160114311
4141096511123101
4121613921431181
4531071114136121
4498621710131511
4653122131601415
4125101114017138
4251194153130181
4051216486921713
4113751716153121
4161732715905811
4351321470101715
4121661131714151
4117176951151216
4811614162171531
4111617165104315
4917153175601112
4167601510121417
4121181594106142
4161111757921434
4859161117315410
4141161710128341
4421159311770108
4012346131517851
4091316682315710
4211217816111501
5289014121073516
5317201091741315
5101121604171315
5123104891516131
5816116407139531
5147610121712516
5121468709415253
5817161210141141
5132012146105841
5621117151216041
5514217361512104
5981311171612115
5917136124316871
5590111210315164
5910161517814511
5141281113121771
5312911171514110
5516156171298371
5501731274141111
5120167610175151
5410811152171396
5131517543201671
5130166171532121
5131781611121597
5981675210016151
5150942167106814
5481716101111530
5071161417421610
5713115153816122
5781114206911615
5781516111176912
5115115917164623
5107031113849141
5101492125483160

Thanks dude,
JQL

## PLEASE CALL JON LUCENIUS @ 302-299-5144
## IF YOU FIND THIS FILE
